set1_score: 0.547433035714
set2_score: 0.681268601190
set3_score: 0.568917410714
Duration: 0
