set1_score: 0.392857142857
set2_score: 0.823571428571
set3_score: 0.402857142857
Duration: 0
