set1_score: 0.441428571429
set2_score: 0.843571428571
set3_score: 0.448571428571
Duration: 0
