set1_score: 0.664285714286
set2_score: 0.677857142857
set3_score: 0.645714285714
Duration: 0
